#Data file for pollock model (save as tab-delimited file)
#Starting year ending year
1964	2013
# base ending year
2013
# HCR starting year
1977
#rcrage trmage
1	10
#Number of length bins for length transition matrix 1&2&3
#7	6	6
8	7	7
#Fishery data
#Fishery annual catches (tons) all years
#1964	1965	1966	1967	1968	1969	1970	1971	1972	1973	1974	1975	1976	1977	1978	1979	1980	1981	1982	1983	1984	1985	1986	1987	1988	1989	1990	1991	1992	1993	1994	1995	1996	1997	1998	1999	2000	2001	2002	2003	2004	2005	2006	2007	2008	2009	2010	2011	2012	2013
1126	2749	8932	6276	6164	17553	9343	9458	34081	36836	61880	59512	86527	118356	96935	105748	114622	147744	168740	215608	307401	284826	87809	69751	65739	78392	90744	100488	90857	108908	107335	72618	51263	90130	125098	95590	73080	72076	51937	50666	63934	80846	71976	53062	52500	44003	76860	81307	103991	113099
#Fishery annual catch CV
0.05	0.05	0.05	0.05	0.05	0.05	0.05	0.05	0.05	0.05	0.05	0.05	0.05	0.05	0.05	0.05	0.05	0.05	0.05	0.05	0.05	0.05	0.05	0.05	0.05	0.05	0.05	0.05	0.05	0.05	0.05	0.05	0.05	0.05	0.05	0.05	0.05	0.05	0.05	0.05	0.05	0.05	0.05	0.05	0.05	0.05	0.05	0.05	0.05	0.05
#Number of fishery age comps
48
#Fishery years with age comp
1964	1965	1966	1967	1968	1969	1970	1971	1972	1974	1975	1976	1977	1978	1979	1980	1981	1982	1983	1984	1985	1986	1987	1988	1989	1990	1991	1992	1993	1994	1995	1996	1997	1998	1999	2000	2001	2002	2003	2004	2005	2006	2007	2008	2009	2010	2011	2012
#Fishery multinomial sample sizes
0	0	0	0	0	0	0	0	20	20	20	60	60	200	200	200	200	200	200	200	200	84	40	18	171	200	200	200	200	200	200	200	200	200	200	200	200	200	200	200	200	200	200	200	200	200	200	200
#0	0	0	0	0	0	0	0	10	10	10	30	30	100	100	100	100	100	100	100	100	100	100	100	100	100	100	100	100	100	100	100	100	100	100	100	100	100	100	100	100	100	100	100	100	100	100	100
#Fishery lower and upper accumulation ages
2	2	2	2	2	2	2	2	2	3	3	2	2	2	2	2	2	2	2	2	2	2	2	2	2	2	2	2	2	2	2	2	2	2	2	2	2	2	2	2	2	2	2	2	2	2	2	2
8	8	8	8	8	8	8	8	8	8	8	10	10	10	10	10	10	10	10	10	10	9	9	9	10	10	9	10	10	10	10	10	10	10	10	10	10	10	10	10	10	10	10	10	10	10	10	10
#2	2	2	2	2	2	2	2	2	2	2	2	2	2	2	2	2	2	2	2	2	2	2	2	2	2	2	2	2	2	2	2	2	2	2	2	2	2	2	2	2	2	2	2	2	2	2	2
#10	10	10	10	10	10	10	10	10	10	10	10	10	10	10	10	10	10	10	10	10	10	10	10	10	10	10	10	10	10	10	10	10	10	10	10	10	10	10	10	10	10	10	10	10	10	10	10
#Number of fishery length comps
9
#Years for the fishery length comps
1964	1965	1966	1967	1968	1969	1970	1971	1974
 #Multinomial sample size by year
60	60	60	60	60	60	60	60	0
#30	30	30	30	30	30	30	30	0
#Transition standard deviations for random walk (endyr - styr) year for change
#1965	1966	1967	1968	1969	1970	1971	1972	1973	1974	1975	1976	1977	1978	1979	1980	1981	1982	1983	1984	1985	1986	1987	1988	1989	1990	1991	1992	1993	1994	1995	1996	1997	1998	1999	2000	2001	2002	2003	2004	2005	2006	2007	2008	2009	2010	2011	2012	2013
0.0001	0.0001	0.0001	0.0001	0.0001	0.0001	0.0001	1	0.0001	0.0001	0.0001	0.0001	0.0001	0.0001	0.0001	0.0001	0.0001	1	0.0001	0.0001	0.0001	0.0001	0.0001	0.0001	1	0.0001	0.0001	0.0001	0.0001	0.0001	0.0001	0.0001	0.0001	0.0001	0.0001	0.0001	1	0.0001	0.0001	0.0001	0.0001	0.0001	1	0.0001	0.0001	0.0001	0.0001	0.0001	0.0001
#Catch at age (proportions) (years w/age comps X number of ages)
#1	2	3	4	5	6	7	8	9	10
0.00000	0.13917	0.10736	0.42823	0.29583	0.00358	0.00557	0.01193	0.00477	0.00358
0.00000	0.11082	0.36791	0.32270	0.16312	0.03546	0.00000	0.00000	0.00000	0.00000
0.00000	0.03551	0.11083	0.28133	0.31745	0.05116	0.11469	0.02730	0.04427	0.01745
0.00000	0.00010	0.04079	0.38810	0.13209	0.05636	0.11798	0.08352	0.07632	0.10474
0.00000	0.00353	0.00000	0.45541	0.32670	0.03491	0.05490	0.04016	0.03374	0.05065
0.00000	0.02005	0.02254	0.28232	0.59182	0.01602	0.02269	0.01341	0.02299	0.00816
0.00000	0.02389	0.27124	0.58161	0.04843	0.06405	0.00177	0.00400	0.00437	0.00065
0.00000	0.29665	0.46724	0.12528	0.11082	0.00000	0.00000	0.00000	0.00000	0.00000
0.00000	0.00420	0.02553	0.08652	0.26337	0.21787	0.35184	0.05064	0.00004	0.00000
0.00000	0.00000	0.02947	0.28761	0.49601	0.12350	0.05465	0.00876	0.00000	0.00000
0.00000	0.00000	0.32850	0.20608	0.34301	0.02296	0.03706	0.03840	0.02259	0.00141
#Above here I accumulate
0.00000	0.00963	0.12210	0.54827	0.19711	0.08258	0.01774	0.01134	0.00965	0.00156
0.00006	0.01653	0.04224	0.14255	0.53647	0.18154	0.04983	0.01275	0.01068	0.00734
0.00043	0.06851	0.27328	0.10330	0.14928	0.29330	0.07258	0.02364	0.00769	0.00799
0.00002	0.01438	0.27776	0.43437	0.08048	0.05762	0.09500	0.02856	0.00721	0.00458
0.00142	0.10899	0.15192	0.33431	0.21001	0.06484	0.04937	0.04584	0.02229	0.01100
0.00075	0.01367	0.16676	0.39065	0.25354	0.10726	0.02576	0.02553	0.01443	0.00165
0.00003	0.03483	0.18133	0.32899	0.23417	0.17710	0.03416	0.00434	0.00302	0.00203
0.00000	0.00933	0.05291	0.28208	0.35202	0.17282	0.10771	0.01891	0.00318	0.00105
0.00074	0.00523	0.07277	0.08555	0.26635	0.37642	0.13791	0.04258	0.01194	0.00052
0.00012	0.03505	0.01520	0.09134	0.11610	0.23654	0.35460	0.11327	0.02982	0.00797
0.00748	0.09847	0.23215	0.11549	0.21841	0.08352	0.09933	0.11167	0.02435	0.00913
0.00000	0.13087	0.20798	0.11860	0.10223	0.09542	0.10647	0.06219	0.14756	0.02869
0.00215	0.03978	0.27148	0.35171	0.15581	0.06659	0.04498	0.02118	0.00442	0.04188
0.01232	0.00309	0.01675	0.22096	0.32915	0.19318	0.09222	0.05420	0.01930	0.05883
0.00000	0.03537	0.03067	0.03828	0.12136	0.51652	0.16698	0.06264	0.01379	0.01440
0.00000	0.00732	0.12117	0.06818	0.03571	0.06675	0.33381	0.03910	0.20153	0.12643
0.00049	0.02971	0.05095	0.46256	0.12914	0.03678	0.08015	0.17870	0.00933	0.02218
0.00014	0.01598	0.07648	0.17711	0.38511	0.12755	0.05313	0.05106	0.06913	0.04431
0.00049	0.01107	0.03962	0.08490	0.31682	0.27630	0.10763	0.04268	0.04054	0.07995
0.00000	0.00096	0.01559	0.07909	0.17836	0.39979	0.18707	0.04627	0.02357	0.06930
0.00009	0.02921	0.03158	0.02569	0.08048	0.11762	0.29610	0.24368	0.07213	0.10343
0.00000	0.01554	0.09753	0.05471	0.04753	0.09580	0.14635	0.23962	0.17759	0.12533
0.00233	0.00202	0.19594	0.27000	0.11159	0.04927	0.05559	0.08419	0.11084	0.11824
0.00000	0.00416	0.02215	0.22756	0.36133	0.08999	0.06896	0.03726	0.05711	0.13149
0.00117	0.01467	0.04266	0.05222	0.22042	0.37043	0.09385	0.07602	0.03465	0.09391
0.01020	0.14039	0.09131	0.10172	0.13052	0.17447	0.20011	0.06552	0.03745	0.04830
0.00239	0.18060	0.30401	0.09921	0.06563	0.12833	0.07883	0.08887	0.01946	0.03268
0.00211	0.03968	0.31673	0.33854	0.07856	0.04801	0.06870	0.05545	0.03811	0.01411
0.00966	0.07115	0.13501	0.36079	0.28428	0.06773	0.02755	0.02983	0.00869	0.00532
0.01323	0.01409	0.06199	0.07972	0.48013	0.25290	0.07103	0.00866	0.01055	0.00771
0.03279	0.11588	0.06191	0.04089	0.08878	0.40737	0.19036	0.03641	0.01233	0.01328
0.01502	0.34553	0.13641	0.04594	0.04231	0.06555	0.18643	0.12248	0.02909	0.01122
0.00624	0.12369	0.43107	0.13284	0.04231	0.02274	0.04465	0.10994	0.05583	0.03068
0.00529	0.14023	0.32617	0.29596	0.08387	0.02607	0.01585	0.02092	0.04177	0.04386
0.00010	0.06931	0.30603	0.27942	0.23765	0.04817	0.01456	0.00954	0.01203	0.02320
0.00000	0.03098	0.15145	0.33313	0.25965	0.16319	0.03698	0.00759	0.00478	0.01225
0.00039	0.00806	0.05647	0.16424	0.36307	0.26084	0.10878	0.02368	0.00529	0.00919
#Projection fishery catch-at-age values
#Fishery catch at length (proportions) (years w/length comps X number of length bins) Length transition matrix 1
#1	2	3	4	5	6	7	8
0.00000	0.00040	0.05658	0.25321	0.53612	0.11717	0.02408	0.01244
0.00000	0.01060	0.05913	0.41967	0.41677	0.08965	0.00386	0.00032
0.00000	0.00018	0.01728	0.16863	0.47023	0.25935	0.07353	0.01079
0.00000	0.00000	0.00321	0.14437	0.34729	0.24572	0.16406	0.09535
0.00000	0.00000	0.00151	0.13218	0.56420	0.15332	0.09517	0.05363
0.00000	0.00000	0.00000	0.13529	0.62206	0.19706	0.04412	0.00147
0.00000	0.00043	0.02744	0.45026	0.42410	0.08105	0.01372	0.00300
0.00000	0.00417	0.17917	0.45833	0.31750	0.03833	0.00250	0.00000
0.00000	0.00000	0.00084	0.14298	0.60870	0.22826	0.01923	0.00000
#Weight at age (kg) (all years X no. ages)
#1	2	3	4	5	6	7	8	9	10
0.125	0.210	0.330	0.450	0.560	0.650	0.740	0.810	0.880	1.020
0.125	0.210	0.330	0.450	0.560	0.650	0.740	0.810	0.880	1.020
0.125	0.210	0.330	0.450	0.560	0.650	0.740	0.810	0.880	1.020
0.125	0.210	0.330	0.450	0.560	0.650	0.740	0.810	0.880	1.020
0.125	0.210	0.330	0.450	0.560	0.650	0.740	0.810	0.880	1.020
0.125	0.210	0.330	0.450	0.560	0.650	0.740	0.810	0.880	1.020
0.125	0.210	0.330	0.450	0.560	0.650	0.740	0.810	0.880	1.020
0.125	0.210	0.330	0.450	0.560	0.650	0.740	0.810	0.880	1.020
0.125	0.190	0.380	0.580	0.760	0.910	1.030	1.130	1.200	1.340
0.125	0.190	0.380	0.580	0.760	0.910	1.030	1.130	1.200	1.340
0.125	0.190	0.380	0.580	0.760	0.910	1.030	1.130	1.200	1.340
0.125	0.190	0.380	0.580	0.760	0.910	1.030	1.130	1.200	1.340
0.125	0.200	0.320	0.500	0.600	0.740	0.850	1.000	0.930	1.000
0.125	0.230	0.430	0.630	0.800	0.940	1.060	1.150	1.220	1.350
0.125	0.190	0.390	0.580	0.760	0.910	1.040	1.130	1.210	1.340
0.125	0.230	0.420	0.620	0.790	0.940	1.060	1.150	1.220	1.350
0.125	0.200	0.390	0.590	0.770	0.920	1.040	1.130	1.210	1.350
0.125	0.200	0.400	0.590	0.770	0.920	1.040	1.140	1.210	1.350
0.125	0.180	0.370	0.570	0.750	0.900	1.030	1.130	1.200	1.340
0.125	0.170	0.360	0.560	0.740	0.890	1.020	1.120	1.200	1.340
0.125	0.170	0.360	0.560	0.740	0.900	1.020	1.120	1.200	1.340
0.125	0.160	0.340	0.540	0.730	0.880	1.010	1.110	1.190	1.340
0.125	0.160	0.350	0.550	0.730	0.890	1.020	1.120	1.190	1.340
0.125	0.130	0.410	0.660	0.880	1.050	1.200	1.310	1.390	1.440
0.125	0.130	0.410	0.660	0.880	1.050	1.200	1.310	1.390	1.440
0.125	0.130	0.410	0.660	0.880	1.050	1.200	1.310	1.390	1.440
0.125	0.247	0.599	0.754	0.966	1.079	1.230	1.253	1.291	1.528
0.125	0.284	0.466	0.649	0.844	1.030	1.104	1.162	1.260	1.426
0.125	0.300	0.430	0.631	0.714	0.830	1.117	1.198	1.234	1.309
0.125	0.360	0.579	0.719	0.808	0.877	1.052	1.160	1.211	1.227
0.125	0.301	0.548	0.759	0.955	1.060	1.091	1.281	1.315	1.448
0.125	0.301	0.652	0.967	1.056	1.085	1.209	1.279	1.335	1.404
0.125	0.253	0.354	0.718	1.034	1.113	1.175	1.226	1.307	1.371
0.125	0.307	0.473	0.757	1.024	1.169	1.205	1.252	1.281	1.336
0.125	0.301	0.493	0.578	0.792	1.023	1.219	1.330	1.385	1.431
0.125	0.358	0.594	0.726	0.770	0.923	1.079	1.209	1.331	1.374
0.125	0.312	0.434	0.773	0.991	0.998	1.202	1.271	1.456	1.663
0.125	0.292	0.442	0.701	1.003	1.208	1.286	1.473	1.540	1.724
0.125	0.316	0.480	0.615	0.898	1.050	1.146	1.263	1.363	1.522
0.125	0.369	0.546	0.507	0.715	1.049	1.242	1.430	1.511	1.700
0.125	0.259	0.507	0.720	0.677	0.896	1.123	1.262	1.338	1.747
0.125	0.275	0.446	0.790	1.005	0.977	0.921	1.305	1.385	1.485
0.125	0.260	0.566	0.974	1.229	1.242	1.243	1.358	1.424	1.653
0.125	0.345	0.469	0.885	1.195	1.385	1.547	1.634	1.749	1.940
0.125	0.309	0.649	0.856	1.495	1.637	1.894	1.896	1.855	2.204
0.125	0.235	0.566	0.960	1.249	1.835	2.002	2.151	2.187	2.208
0.125	0.327	0.573	0.972	1.267	1.483	1.674	2.036	2.329	2.191
0.125	0.473	0.593	0.833	1.107	1.275	1.409	1.632	1.999	1.913
0.125	0.294	0.793	0.982	1.145	1.425	1.600	1.869	2.051	2.237
#Use2012
0.125	0.294	0.793	0.982	1.145	1.425	1.600	1.869	2.051	2.237
#Projection fishery weight-at-age values
#Survey 1 data (acoustic)
#Number of BS surveys
9
#Years in which surveys occured
1981	1983	1984	1985	1986	1988	1989	1990	1991
#Survey indices
2.786	2.278	1.757	1.176	0.586	0.302	0.290	0.375	0.380
#Survey 1 (BS) CV
0.2	0.2	0.2	0.2	0.2	0.2	0.2	0.2	0.2
#Number of EK500 surveys
15
#Years in which surveys occured
1992	1993	1994	1995	1996	1997	1998	2000	2001	2002	2003	2004	2005	2006	2007
#Survey indices shelikof only updated for eulachon adjustment not here that I've just rescaled the 2008 OD estimate to be comparable to the MF.
0.713429012	0.435753	0.492593	0.763612	0.777172	0.583017	0.504774	0.448638	0.432749	0.256743	0.31726898	0.330753027	0.356116501	0.293608718	0.180880876
#Survey 1 (EK) CV
0.2	0.2	0.2	0.2	0.2	0.2	0.2	0.2	0.2	0.2	0.2	0.2	0.2	0.2	0.2
#Number of Dyson surveys
5
#Years in which survey 1 occured
2008	2009	2010	2012	2013
#Survey indices for survey 1
0.208031868	0.2659709	0.42973	0.33584	0.89126
#Survey 1 CV
0.2000	0.2000	0.2000	0.2000	0.2000
#Fraction of year to midpoint of survey 1 (have to include all yrs to get expected values for non-survey yrs)
#1964	1965	1966	1967	1968	1969	1970	1971	1972	1973	1974	1975	1976	1977	1978	1979	1980	1981	1982	1983	1984	1985	1986	1987	1988	1989	1990	1991	1992	1993	1994	1995	1996	1997	1998	1999	2000	2001	2002	2003	2004	2005	2006	2007	2008	2009	2010	2011	2012	2013
0.209	0.209	0.209	0.209	0.209	0.209	0.209	0.209	0.209	0.209	0.209	0.209	0.209	0.209	0.209	0.209	0.209	0.209	0.209	0.209	0.209	0.209	0.209	0.209	0.209	0.209	0.209	0.209	0.209	0.209	0.209	0.209	0.209	0.209	0.209	0.209	0.209	0.209	0.209	0.209	0.209	0.209	0.209	0.209	0.209	0.209	0.209	0.209	0.209	0.209
#Survey 1 number of age comps
30
#Survey 1 years for age comps
1981	1983	1984	1985	1986	1987	1988	1989	1990	1991	1992	1993	1994	1995	1996	1997	1998	2000	2001	2002	2003	2004	2005	2006	2007	2008	2009	2010	2012	2013
#Survey 1 multinomial sample sizes
60	60	60	60	60	60	60	60	60	60	0	60	60	60	60	60	60	60	60	60	60	60	60	60	60	60	60	60	60	60
#30	30	30	30	30	30	30	30	30	30	30	30	30	30	30	30	30	30	30	30	30	30	30	30	30	30	30	30	30	30
#Survey 1 lower and upper accumulation ages
1	1	1	1	1	1	1	1	1	1	1	1	1	1	1	1	1	1	1	1	1	1	1	1	1	1	1	1	1	1
10	10	10	10	10	10	10	10	10	10	10	10	10	10	10	10	10	10	10	10	10	10	10	10	10	10	10	10	10	10
#Number of survey 1 length comps
25
#Years for the survey 1 length comps
1981	1983	1984	1985	1986	1988	1989	1990	1991	1992	1993	1994	1995	1996	1997	1998	2000	2001	2002	2003	2004	2005	2006	2007	2008
#Survey 1 multinomial samples size by year
0	0	0	0	0	0	0	0	0	0	0	0	0	0	0	0	0	0	0	0	0	0	0	0	0
#Survey 1 numbers at age (proportions) (years w/age comps X number of ages)
#1	2	3	4	5	6	7	8	9	10
0.00767	0.34394	0.14927	0.07599	0.27525	0.10393	0.02074	0.01270	0.00785	0.00266
0.00023	0.17305	0.07296	0.24886	0.22468	0.13397	0.11491	0.02524	0.00278	0.00331
0.02106	0.01989	0.11082	0.04838	0.21688	0.33749	0.15356	0.07662	0.01401	0.00129
0.49117	0.12784	0.02881	0.07391	0.04239	0.08152	0.10316	0.03914	0.01003	0.00202
0.17166	0.63096	0.05478	0.01361	0.02248	0.01472	0.02570	0.04456	0.01797	0.00355
0.07530	0.25490	0.55840	0.02900	0.01660	0.01200	0.01610	0.01200	0.02100	0.00470
0.01377	0.08680	0.54826	0.25435	0.06125	0.01342	0.00450	0.00442	0.00314	0.01008
0.35691	0.07998	0.08042	0.19839	0.22219	0.03521	0.01050	0.00342	0.00168	0.01129
0.02757	0.67908	0.04023	0.03556	0.06505	0.10104	0.02600	0.01259	0.00460	0.00828
0.01981	0.15654	0.49571	0.04337	0.05848	0.06274	0.10485	0.02132	0.02653	0.01065
0.17032	0.02516	0.05492	0.14049	0.27486	0.06282	0.06348	0.12786	0.02443	0.05566
0.08557	0.10287	0.05010	0.09788	0.31475	0.17061	0.03620	0.04818	0.05236	0.04149
0.25494	0.04903	0.06758	0.04352	0.21252	0.11457	0.05824	0.03732	0.06093	0.10134
0.89594	0.04278	0.00665	0.00651	0.00866	0.02055	0.01020	0.00449	0.00139	0.00282
0.01395	0.82180	0.02955	0.00624	0.01341	0.01765	0.04996	0.02945	0.00989	0.00809
0.03772	0.09816	0.66813	0.04291	0.00987	0.02360	0.02773	0.05228	0.02826	0.01132
0.27751	0.06213	0.08812	0.33287	0.09552	0.00998	0.02240	0.02547	0.05199	0.03402
0.78106	0.13150	0.03771	0.00276	0.01170	0.02293	0.00293	0.00220	0.00172	0.00549
0.05859	0.83223	0.07133	0.01237	0.00843	0.00466	0.00702	0.00265	0.00126	0.00146
0.00570	0.11416	0.77726	0.06780	0.01141	0.01133	0.00541	0.00477	0.00103	0.00115
0.04184	0.07321	0.16973	0.65582	0.04624	0.00629	0.00338	0.00129	0.00119	0.00101
0.06743	0.12046	0.07384	0.20468	0.45693	0.06256	0.00342	0.00438	0.00426	0.00204
0.72218	0.06994	0.02466	0.01538	0.07672	0.07212	0.01600	0.00160	0.00106	0.00034
0.13044	0.67440	0.03287	0.00931	0.01405	0.04516	0.06048	0.02601	0.00557	0.00171
0.09299	0.40249	0.30374	0.05152	0.01761	0.03000	0.05974	0.03622	0.00267	0.00302
0.65141	0.18628	0.11883	0.02532	0.00572	0.00103	0.00194	0.00507	0.00318	0.00121
0.18119	0.65747	0.06016	0.05387	0.03286	0.00541	0.00158	0.00047	0.00277	0.00422
0.07727	0.26223	0.45624	0.07248	0.06773	0.02447	0.01011	0.00469	0.00451	0.02028
0.07628	0.68419	0.03495	0.06178	0.07696	0.03715	0.02347	0.00361	0.00091	0.00071
0.82476	0.01949	0.10477	0.00794	0.00898	0.01489	0.00850	0.00641	0.00155	0.00272
#Projection survey 1 proportions-at-age values
#Survey 1 numbers at length (proportions) Length transition matrix 3
#1	2	3	4	5	6	7
0.00000	0.34311	0.28693	0.27433	0.08289	0.01117	0.00158
0.00000	0.17060	0.08509	0.43470	0.28821	0.02004	0.00135
0.00000	0.02162	0.10538	0.24059	0.60005	0.02974	0.00262
0.00000	0.24669	0.03893	0.21068	0.44584	0.05352	0.00434
0.00000	0.76651	0.06671	0.01491	0.11445	0.03496	0.00246
0.00000	0.12909	0.73186	0.10552	0.01889	0.01133	0.00330
0.00000	0.12326	0.22184	0.51620	0.10520	0.02553	0.00797
0.00000	0.70207	0.05300	0.10296	0.11661	0.01946	0.00591
0.00000	0.32644	0.38111	0.05796	0.15333	0.06057	0.02058
0.00000	0.03267	0.25621	0.29955	0.19125	0.16542	0.05490
0.00000	0.10410	0.04357	0.38434	0.31357	0.10226	0.05216
0.00000	0.06166	0.07409	0.05655	0.48097	0.19572	0.13102
0.00000	0.39722	0.04685	0.06655	0.32947	0.13052	0.02939
0.00000	0.83754	0.02651	0.00404	0.05257	0.06397	0.01537
0.00000	0.41854	0.39933	0.02732	0.03203	0.09147	0.03132
0.00000	0.09065	0.45581	0.25088	0.04140	0.10548	0.05578
0.00000	0.59352	0.15457	0.06494	0.11827	0.04056	0.02814
0.00000	0.90094	0.06373	0.01379	0.01120	0.00588	0.00446
0.00000	0.56292	0.38993	0.02004	0.01366	0.00989	0.00356
0.00000	0.06432	0.76780	0.14169	0.01780	0.00545	0.00295
0.00000	0.10393	0.22207	0.43907	0.20311	0.02376	0.00805
0.00000	0.24510	0.07352	0.19145	0.42568	0.05375	0.01049
0.00000	0.77115	0.04127	0.01563	0.07677	0.07282	0.02236
0.00000	0.46550	0.30824	0.05659	0.05012	0.07243	0.04712
0.00000	0.55127	0.29407	0.09259	0.02593	0.00914	0.02700
#Survey 1 weight at age (All years X no. ages)
#2	#2	3	4	5	6	7	8	9	10
0.010	0.080	0.235	0.402	0.580	0.755	0.901	1.002	1.066	1.227
0.010	0.080	0.235	0.402	0.580	0.755	0.901	1.002	1.066	1.227
0.010	0.080	0.235	0.402	0.580	0.755	0.901	1.002	1.066	1.227
0.010	0.080	0.235	0.402	0.580	0.755	0.901	1.002	1.066	1.227
0.010	0.080	0.235	0.402	0.580	0.755	0.901	1.002	1.066	1.227
0.010	0.080	0.235	0.402	0.580	0.755	0.901	1.002	1.066	1.227
0.010	0.080	0.235	0.402	0.580	0.755	0.901	1.002	1.066	1.227
0.010	0.080	0.235	0.402	0.580	0.755	0.901	1.002	1.066	1.227
0.010	0.080	0.235	0.402	0.580	0.755	0.901	1.002	1.066	1.227
0.010	0.080	0.235	0.402	0.580	0.755	0.901	1.002	1.066	1.227
0.010	0.080	0.235	0.402	0.580	0.755	0.901	1.002	1.066	1.227
0.010	0.080	0.235	0.402	0.580	0.755	0.901	1.002	1.066	1.227
0.010	0.080	0.235	0.402	0.580	0.755	0.901	1.002	1.066	1.227
0.010	0.080	0.235	0.402	0.580	0.755	0.901	1.002	1.066	1.227
0.010	0.080	0.235	0.402	0.580	0.755	0.901	1.002	1.066	1.227
0.010	0.080	0.235	0.402	0.580	0.755	0.901	1.002	1.066	1.227
0.010	0.080	0.235	0.402	0.580	0.755	0.901	1.002	1.066	1.227
0.010	0.090	0.230	0.330	0.380	0.470	0.630	0.720	0.860	0.780
0.010	0.090	0.230	0.330	0.380	0.470	0.630	0.720	0.860	0.780
0.010	0.078	0.294	0.386	0.521	0.606	0.515	0.675	0.695	0.865
0.010	0.105	0.234	0.423	0.557	0.663	0.704	0.691	0.770	0.927
0.010	0.104	0.266	0.502	0.591	0.717	0.792	0.815	0.812	1.088
0.010	0.065	0.190	0.286	0.727	0.826	0.874	0.935	0.950	1.055
0.010	0.067	0.187	0.282	0.559	0.670	0.917	1.012	1.026	1.143
0.010	0.069	0.185	0.278	0.390	0.513	0.960	1.090	1.102	1.230
0.010	0.091	0.234	0.404	0.455	0.633	0.911	1.076	1.178	1.276
0.010	0.059	0.209	0.339	0.525	0.647	0.771	0.958	1.075	1.246
0.010	0.072	0.152	0.263	0.493	0.758	0.874	0.919	1.130	1.436
0.010	0.086	0.209	0.316	0.384	0.782	1.052	1.122	1.052	1.230
0.010	0.083	0.302	0.461	0.576	0.697	1.023	1.172	1.161	1.297
0.010	0.087	0.269	0.588	0.763	0.838	1.030	1.138	1.322	1.314
0.010	0.083	0.278	0.506	0.798	0.897	0.952	1.030	1.146	1.356
0.010	0.052	0.196	0.433	0.906	1.019	1.039	1.099	1.200	1.347
0.010	0.076	0.150	0.325	0.687	1.172	1.150	1.216	1.256	1.377
0.010	0.090	0.224	0.319	0.375	0.820	1.165	1.247	1.244	1.330
0.010	0.082	0.238	0.419	0.561	0.781	1.051	1.236	1.328	1.401
0.010	0.074	0.251	0.520	0.746	0.742	0.938	1.225	1.413	1.473
0.010	0.053	0.171	0.402	0.621	1.011	1.115	1.334	1.298	1.702
0.010	0.075	0.138	0.278	0.680	0.946	1.172	1.230	1.539	1.778
0.010	0.088	0.205	0.268	0.394	0.862	1.185	1.214	1.659	1.725
0.010	0.087	0.250	0.464	0.475	0.688	1.312	1.332	1.364	1.321
0.010	0.084	0.292	0.538	0.790	0.739	0.803	1.208	1.256	1.806
0.010	0.066	0.265	0.421	0.794	1.115	1.157	1.304	1.453	1.750
0.010	0.063	0.222	0.446	0.841	1.248	1.378	1.439	1.789	1.896
0.010	0.099	0.267	0.484	0.795	1.373	1.890	1.869	1.882	2.014
0.010	0.078	0.262	0.522	0.734	1.070	1.658	2.014	2.103	2.067
0.010	0.079	0.240	0.673	1.093	1.287	1.828	2.090	2.291	2.227
#Use average in 2011
0.010	0.079	0.256	0.663	1.011	1.311	1.657	1.822	2.110	2.083
0.010	0.079	0.272	0.653	0.928	1.335	1.485	1.554	1.930	1.939
0.009	0.127	0.347	0.626	1.157	1.371	1.600	1.772	1.849	2.262
#Projection survey 1 weight-at-age values
#Survey 2 data (Bottom trawl)
#Number of survey 2
13
#Years in which survey 2 occured
1984	1987	1990	1993	1996	1999	2001	2003	2005	2007	2009	2011	2013
#Survey 2 indices
0.720547655	0.732659961	0.825608654	0.75578627	0.666521466	0.6074086	0.219072367	0.398468871	0.358016726	0.282356056	0.669504722	0.667130945	0.957817487
#Survey 2 CV
0.136962436	0.195570637	0.117026651	0.159023699	0.145984725	0.383779365	0.297659341	0.12011675	0.153660591	0.138519958	0.152453286	0.145764033	0.21086392
#Fraction of year to midpoint of survey 2 (have to include all yrs to get expected values for non-survey yrs)
#1964	1965	1966	1967	1968	1969	1970	1971	1972	1973	1974	1975	1976	1977	1978	1979	1980	1981	1982	1983	1984	1985	1986	1987	1988	1989	1990	1991	1992	1993	1994	1995	1996	1997	1998	1999	2000	2001	2002	2003	2004	2005	2006	2007	2008	2009	2010	2011	2012	2013
0.543	0.543	0.543	0.543	0.543	0.543	0.543	0.543	0.543	0.543	0.543	0.543	0.543	0.543	0.543	0.543	0.543	0.543	0.543	0.543	0.543	0.543	0.584	0.584	0.584	0.584	0.584	0.584	0.584	0.584	0.584	0.584	0.584	0.584	0.584	0.584	0.584	0.584	0.584	0.584	0.584	0.584	0.584	0.584	0.584	0.584	0.584	0.584	0.584	0.584
#Survey 2 number of age comps
13
#Survey 2 years for age comps
1984	1987	1989	1990	1993	1996	1999	2001	2003	2005	2007	2009	2011
#Survey 2 multinomial sample sizes
73	42	60	38	71	74	60	60	60	60	60	60	60
#60	60	60	60	60	60	60	60	60	60	60	60	60
#Survey 2 lower and upper accumulation ages
1	1	1	1	1	1	1	1	1	1	1	1	1
10	10	10	10	10	10	10	10	10	10	10	10	10
#Number of survey 2 length comps
7
#Years for the survey 2 length comps
1999	2001	2005	2007	2009	2011	2013
#Survey 2 multinomial sample size by year
0	0	0	0	0	0	60
#Survey 2 numbers at age (proportions) (years w/age comps X number of ages)
#1	2	3	4	5	6	7	8	9	10
0.00080	0.00864	0.05846	0.13429	0.22515	0.40913	0.12509	0.02138	0.01430	0.00275
0.01968	0.28078	0.13380	0.10749	0.07048	0.13015	0.06044	0.03402	0.13566	0.02749
0.19089	0.05802	0.04346	0.22221	0.27517	0.09544	0.04978	0.02595	0.02389	0.01520
0.05583	0.21898	0.04213	0.04069	0.18286	0.20992	0.06486	0.09624	0.02277	0.06571
0.13444	0.06866	0.04915	0.17656	0.25778	0.08831	0.03196	0.06657	0.07394	0.05264
0.21850	0.14488	0.01946	0.02940	0.05630	0.07107	0.19620	0.09857	0.05892	0.10670
0.15160	0.02648	0.02893	0.09223	0.16432	0.07847	0.08156	0.06591	0.07792	0.23259
0.57642	0.16341	0.04806	0.04662	0.03498	0.04671	0.05167	0.01145	0.00802	0.01265
0.13198	0.03218	0.22458	0.24615	0.12815	0.07821	0.06313	0.04420	0.02538	0.02604
0.42465	0.05297	0.05405	0.05632	0.14415	0.12380	0.07105	0.03277	0.01509	0.02514
0.32556	0.17953	0.16576	0.06942	0.03598	0.03536	0.10286	0.05822	0.01243	0.01488
0.27071	0.10605	0.12970	0.15707	0.12296	0.03304	0.02136	0.03230	0.06546	0.06135
0.27369	0.10612	0.12145	0.11169	0.17954	0.11850	0.03647	0.00783	0.00624	0.03848
#Projection survey 2 c-a-a data
#Survey 2 numbers at length (proportions) Length transition matrix 2
#1	2	3	4	5	6	7
0.00000	0.04123851	0.065115358	0.14540564	0.261895125	0.235681114	0.250664252
0.00000	0.175700574	0.098477562	0.11900566	0.192064743	0.215975754	0.198775707
0.00000	0.109420865	0.091648228	0.131212577	0.320876607	0.2102222	0.136619523
0.00000	0.349893201	0.177801959	0.061118009	0.065201867	0.130713967	0.215270998
0.00000	0.144370251	0.161963889	0.106148834	0.154561956	0.128142854	0.304812216
0.00000	0.136764866	0.154886783	0.110655795	0.167714335	0.179696951	0.250281271
0.61370	0.03752943	0.016282548	0.013791951	0.036563773	0.113701782	0.168433297
#Survey weight at age (All years X no. ages) Use a three year envelope of either side of the survey and an average prior to 1983
#1	2	3	4	5	6	7	8	9	10
0.038	0.147	0.386	0.619	0.783	0.893	1.000	1.123	1.215	1.376
0.038	0.147	0.386	0.619	0.783	0.893	1.000	1.123	1.215	1.376
0.038	0.147	0.386	0.619	0.783	0.893	1.000	1.123	1.215	1.376
0.038	0.147	0.386	0.619	0.783	0.893	1.000	1.123	1.215	1.376
0.038	0.147	0.386	0.619	0.783	0.893	1.000	1.123	1.215	1.376
0.038	0.147	0.386	0.619	0.783	0.893	1.000	1.123	1.215	1.376
0.038	0.147	0.386	0.619	0.783	0.893	1.000	1.123	1.215	1.376
0.038	0.147	0.386	0.619	0.783	0.893	1.000	1.123	1.215	1.376
0.038	0.147	0.386	0.619	0.783	0.893	1.000	1.123	1.215	1.376
0.038	0.147	0.386	0.619	0.783	0.893	1.000	1.123	1.215	1.376
0.038	0.147	0.386	0.619	0.783	0.893	1.000	1.123	1.215	1.376
0.038	0.147	0.386	0.619	0.783	0.893	1.000	1.123	1.215	1.376
0.038	0.147	0.386	0.619	0.783	0.893	1.000	1.123	1.215	1.376
0.038	0.147	0.386	0.619	0.783	0.893	1.000	1.123	1.215	1.376
0.038	0.147	0.386	0.619	0.783	0.893	1.000	1.123	1.215	1.376
0.038	0.147	0.386	0.619	0.783	0.893	1.000	1.123	1.215	1.376
0.038	0.147	0.386	0.619	0.783	0.893	1.000	1.123	1.215	1.376
0.038	0.147	0.386	0.619	0.783	0.893	1.000	1.123	1.215	1.376
0.038	0.147	0.386	0.619	0.783	0.893	1.000	1.123	1.215	1.376
0.038	0.149	0.527	0.659	0.737	0.833	0.904	0.960	0.991	1.245
0.038	0.149	0.527	0.659	0.737	0.833	0.904	0.960	0.991	1.245
0.038	0.149	0.527	0.659	0.737	0.833	0.904	0.960	0.991	1.245
0.038	0.163	0.364	0.556	0.763	0.909	1.007	1.061	1.154	1.360
0.038	0.163	0.364	0.556	0.763	0.909	1.007	1.061	1.154	1.360
0.038	0.163	0.364	0.556	0.763	0.909	1.007	1.061	1.154	1.360
0.038	0.168	0.301	0.565	0.767	0.893	1.101	1.127	1.258	1.492
0.038	0.168	0.301	0.565	0.767	0.893	1.101	1.127	1.258	1.492
0.038	0.168	0.301	0.565	0.767	0.893	1.101	1.127	1.258	1.492
0.038	0.163	0.461	0.676	0.788	0.924	1.030	1.303	1.358	1.394
0.038	0.163	0.461	0.676	0.788	0.924	1.030	1.303	1.358	1.394
0.038	0.163	0.461	0.676	0.788	0.924	1.030	1.303	1.358	1.394
0.038	0.096	0.309	0.663	0.924	0.992	1.085	1.199	1.281	1.451
0.038	0.096	0.309	0.663	0.924	0.992	1.085	1.199	1.281	1.451
0.038	0.096	0.309	0.663	0.924	0.992	1.085	1.199	1.281	1.451
0.038	0.145	0.354	0.594	0.718	0.809	0.873	1.086	1.247	1.312
0.038	0.145	0.354	0.594	0.718	0.809	0.873	1.086	1.247	1.312
0.038	0.125	0.383	0.648	0.824	0.938	1.041	1.254	1.274	1.401
0.038	0.105	0.412	0.702	0.930	1.066	1.208	1.422	1.300	1.491
0.038	0.153	0.455	0.648	0.840	1.010	1.180	1.288	1.344	1.511
0.038	0.201	0.498	0.595	0.751	0.954	1.152	1.154	1.388	1.531
0.038	0.184	0.424	0.606	0.793	0.924	1.075	1.209	1.344	1.539
0.038	0.167	0.351	0.617	0.834	0.895	0.998	1.263	1.299	1.546
0.038	0.158	0.330	0.604	0.913	1.050	1.210	1.374	1.532	1.646
0.038	0.150	0.310	0.592	0.991	1.205	1.423	1.485	1.765	1.746
0.038	0.219	0.453	0.815	1.147	1.457	1.695	1.846	2.056	2.086
0.038	0.288	0.595	1.038	1.302	1.708	1.966	2.208	2.347	2.425
0.038	0.258	0.531	0.927	1.228	1.551	1.708	1.859	2.049	2.073
0.038	0.227	0.467	0.817	1.153	1.394	1.450	1.509	1.751	1.721
0.038	0.227	0.467	0.817	1.153	1.394	1.450	1.509	1.751	1.721
0.038	0.227	0.467	0.817	1.153	1.394	1.450	1.509	1.751	1.721
#Projection survey 2 weight-at-age values
#Survey 3 data (ADFG coastal)
#Number of survey 3
23
#Years in which survey 3 occured
1989	1990	1992	1993	1994	1996	1997	1998	1999	2000	2001	2002	2003	2004	2005	2006	2007	2008	2009	2010	2011	2012	2013
#Survey 3 indices
0.21443	0.11445	0.12736	0.13285	0.10342	0.12248	0.09373	0.08122	0.05359	0.10287	0.08697	0.096237	0.066989	0.099358	0.079089	0.069044	0.076674	0.083476	0.145438	0.12411	0.100839	0.172007	0.102406
#Survey 3 CV
0.25	0.25	0.25	0.25	0.25	0.25	0.25	0.25	0.25	0.25	0.25	0.25	0.25	0.25	0.25	0.25	0.25	0.25	0.25	0.25	0.25	0.25	0.25
#20	20	20	20	20	20	20	20	20	20	20	20	20	20	20	20	20	20	20	20
#Fraction of year to midpoint of survey 3 (have to include all yrs to get expected values for non-survey yrs)
#1964	1965	1966	1967	1968	1969	1970	1971	1972	1973	1974	1975	1976	1977	1978	1979	1980	1981	1982	1983	1984	1985	1986	1987	1988	1989	1990	1991	1992	1993	1994	1995	1996	1997	1998	1999	2000	2001	2002	2003	2004	2005	2006	2007	2008	2009	2010	2011	2012	2013
0.60989	0.60989	0.60989	0.60989	0.60989	0.60989	0.60989	0.60989	0.60989	0.60989	0.60989	0.60989	0.60989	0.60989	0.60989	0.60989	0.60989	0.60989	0.60989	0.60989	0.60989	0.60989	0.60989	0.60989	0.60989	0.60989	0.60989	0.60989	0.60989	0.60989	0.60989	0.60989	0.60989	0.60989	0.60989	0.60989	0.60989	0.60989	0.60989	0.60989	0.60989	0.60989	0.60989	0.60989	0.60989	0.60989	0.60989	0.60989	0.60989	0.60989
#Survey 3 number of age comps
15
#Survey 3 years for the age comps
1989	1990	1992	1993	1994	1996	1997	1998	2000	2002	2004	2006	2008	2010	2012
#Survey 3 multinomial samples size
0	0	0	0	0	0	0	0	30	30	30	30	30	30	30
#0	0	0	0	0	0	0	0	0.1	0.1	0.1	0.1	0.1	0.1	0.1
#Number of survey 3 length comps
23
#Years for the survey 3 length comps
1989	1990	1992	1993	1994	1996	1997	1998	1999	2000	2001	2002	2003	2004	2005	2006	2007	2008	2009	2010	2011	2012	2013
#Survey 3 multinomial samples size by year
0	0	0	0	0	0	0	0	0	0	0	0	0	0	0	0	0	0	0	0	0	0	0
#10	10	10	10	10	10	10	10	10	0	10	0	10	0	10	0	10	0	10	0	10	0	10
#Survey 3 numbers at age (proportions) (years w/age comps X number of ages)
#1	2	3	4	5	6	7	8	9	10
0.00000	0.01587	0.01975	0.18064	0.31108	0.18503	0.11148	0.06147	0.035448833	0.07924
0.00000	0.04474	0.0204	0.0376	0.10328	0.33932	0.14045	0.15211	0.048252854	0.11385
0.00000	0.02645	0.02791	0.08342	0.11674	0.08555	0.10218	0.23131	0.094368531	0.23206
0.00000	0.02645	0.02791	0.08342	0.11674	0.08555	0.10218	0.23131	0.094368531	0.23206
0.00000	0.22995	0.31027	0.08385	0.26917	0.05719	0.01347	0.00771	0.010781493	0.01762
0.00000	0.12134	0.02264	0.01822	0.05592	0.0969	0.19635	0.23501	0.081976157	0.17164
0.00000	0.05892	0.15373	0.06154	0.0473	0.08508	0.11858	0.20422	0.155097525	0.11553
0.00000	0.00908	0.0706	0.13416	0.09965	0.07376	0.09875	0.12523	0.184458676	0.20431
0.03717	0.02602	0.09480	0.07807	0.11710	0.17658	0.10781	0.05390	0.06506	0.243494424
0.00929	0.07435	0.18401	0.19331	0.14870	0.11710	0.10595	0.07063	0.04461	0.05204461
0.00505	0.00842	0.05724	0.19865	0.26263	0.14983	0.10774	0.06734	0.05892	0.084175084
0.00508	0.04230	0.11168	0.08291	0.14721	0.30118	0.16582	0.05922	0.03553	0.049069374
0.00000	0.03518	0.40704	0.13400	0.05360	0.06700	0.04355	0.15410	0.04523	0.060301508
0.00171	0.04444	0.14017	0.26496	0.25983	0.08376	0.05641	0.01880	0.03761	0.092307692
0.00178	0.04626	0.14591	0.27580	0.27046	0.08719	0.05872	0.01957	0.03915	0.055160142
#Projection survey 3 proportions-at-age values
#Survey 3 numbers at length (proportions) Length transition matrix 2
#1	2	3	4	5	6	7
0.03672	0.03011	0.14114	0.19086	0.21189	0.20459	0.18468
0.03574	0.02935	0.08467	0.14255	0.27338	0.23093	0.20338
0.00854	0.05615	0.07863	0.10779	0.19337	0.25467	0.30085
0.00376	0.02590	0.04618	0.12911	0.24970	0.29897	0.24638
0.03117	0.27410	0.30818	0.17197	0.14477	0.05490	0.01492
0.03700	0.05409	0.01605	0.02293	0.12850	0.39433	0.34709
0.01729	0.10388	0.11113	0.06648	0.06638	0.25203	0.38280
0.00908	0.02007	0.10527	0.07594	0.12699	0.27993	0.38272
0.00356	0.00625	0.05778	0.17135	0.28625	0.21302	0.26178
0.00693	0.00924	0.03771	0.04016	0.22551	0.37184	0.30862
0.00577	0.07557	0.06425	0.07648	0.16980	0.28681	0.32132
0.00293	0.11233	0.11066	0.14059	0.18635	0.21081	0.23632
0.00408	0.03226	0.14829	0.18216	0.27077	0.18684	0.17561
0.00100	0.01465	0.06458	0.19284	0.33914	0.25744	0.13036
0.00758	0.00695	0.03080	0.07326	0.30569	0.35205	0.22367
0.01048	0.00629	0.03909	0.06711	0.18486	0.28563	0.40654
0.01045	0.06145	0.04571	0.05234	0.13100	0.22423	0.47481
0.00428	0.03175	0.15231	0.21619	0.16200	0.10376	0.32971
0.00297	0.04103	0.08898	0.15433	0.22257	0.19230	0.29782
0.00649	0.01697	0.05142	0.10616	0.22033	0.21841	0.38022
0.00479	0.05495	0.05710	0.07199	0.13168	0.23111	0.44838
0.00295	0.02163	0.03410	0.07135	0.19807	0.29765	0.37425
0.11691	0.01061	0.05280	0.03545	0.08141	0.23476	0.46806
#Survey weight at age (All years X no. ages) Use Bottom trawl survey WAA
#1	2	3	4	5	6	7	8	9	10
0.038	0.147	0.386	0.619	0.783	0.893	1.000	1.123	1.215	1.376
0.038	0.147	0.386	0.619	0.783	0.893	1.000	1.123	1.215	1.376
0.038	0.147	0.386	0.619	0.783	0.893	1.000	1.123	1.215	1.376
0.038	0.147	0.386	0.619	0.783	0.893	1.000	1.123	1.215	1.376
0.038	0.147	0.386	0.619	0.783	0.893	1.000	1.123	1.215	1.376
0.038	0.147	0.386	0.619	0.783	0.893	1.000	1.123	1.215	1.376
0.038	0.147	0.386	0.619	0.783	0.893	1.000	1.123	1.215	1.376
0.038	0.147	0.386	0.619	0.783	0.893	1.000	1.123	1.215	1.376
0.038	0.147	0.386	0.619	0.783	0.893	1.000	1.123	1.215	1.376
0.038	0.147	0.386	0.619	0.783	0.893	1.000	1.123	1.215	1.376
0.038	0.147	0.386	0.619	0.783	0.893	1.000	1.123	1.215	1.376
0.038	0.147	0.386	0.619	0.783	0.893	1.000	1.123	1.215	1.376
0.038	0.147	0.386	0.619	0.783	0.893	1.000	1.123	1.215	1.376
0.038	0.147	0.386	0.619	0.783	0.893	1.000	1.123	1.215	1.376
0.038	0.147	0.386	0.619	0.783	0.893	1.000	1.123	1.215	1.376
0.038	0.147	0.386	0.619	0.783	0.893	1.000	1.123	1.215	1.376
0.038	0.147	0.386	0.619	0.783	0.893	1.000	1.123	1.215	1.376
0.038	0.147	0.386	0.619	0.783	0.893	1.000	1.123	1.215	1.376
0.038	0.147	0.386	0.619	0.783	0.893	1.000	1.123	1.215	1.376
0.038	0.149	0.527	0.659	0.737	0.833	0.904	0.960	0.991	1.245
0.038	0.149	0.527	0.659	0.737	0.833	0.904	0.960	0.991	1.245
0.038	0.149	0.527	0.659	0.737	0.833	0.904	0.960	0.991	1.245
0.038	0.163	0.364	0.556	0.763	0.909	1.007	1.061	1.154	1.360
0.038	0.163	0.364	0.556	0.763	0.909	1.007	1.061	1.154	1.360
0.038	0.163	0.364	0.556	0.763	0.909	1.007	1.061	1.154	1.360
0.038	0.168	0.301	0.565	0.767	0.893	1.101	1.127	1.258	1.492
0.038	0.168	0.301	0.565	0.767	0.893	1.101	1.127	1.258	1.492
0.038	0.168	0.301	0.565	0.767	0.893	1.101	1.127	1.258	1.492
0.038	0.163	0.461	0.676	0.788	0.924	1.030	1.303	1.358	1.394
0.038	0.163	0.461	0.676	0.788	0.924	1.030	1.303	1.358	1.394
0.038	0.163	0.461	0.676	0.788	0.924	1.030	1.303	1.358	1.394
0.038	0.096	0.309	0.663	0.924	0.992	1.085	1.199	1.281	1.451
0.038	0.096	0.309	0.663	0.924	0.992	1.085	1.199	1.281	1.451
0.038	0.096	0.309	0.663	0.924	0.992	1.085	1.199	1.281	1.451
0.038	0.145	0.354	0.594	0.718	0.809	0.873	1.086	1.247	1.312
0.038	0.145	0.354	0.594	0.718	0.809	0.873	1.086	1.247	1.312
0.038	0.125	0.383	0.648	0.824	0.938	1.041	1.254	1.274	1.401
0.038	0.105	0.412	0.702	0.930	1.066	1.208	1.422	1.300	1.491
0.038	0.153	0.455	0.648	0.840	1.010	1.180	1.288	1.344	1.511
0.038	0.201	0.498	0.595	0.751	0.954	1.152	1.154	1.388	1.531
0.038	0.184	0.424	0.606	0.793	0.924	1.075	1.209	1.344	1.539
0.038	0.167	0.351	0.617	0.834	0.895	0.998	1.263	1.299	1.546
0.038	0.158	0.330	0.604	0.913	1.050	1.210	1.374	1.532	1.646
0.038	0.150	0.310	0.592	0.991	1.205	1.423	1.485	1.765	1.746
0.038	0.219	0.453	0.815	1.147	1.457	1.695	1.846	2.056	2.086
0.038	0.288	0.595	1.038	1.302	1.708	1.966	2.208	2.347	2.425
0.038	0.258	0.531	0.927	1.228	1.551	1.708	1.859	2.049	2.073
0.038	0.227	0.467	0.817	1.153	1.394	1.450	1.509	1.751	1.721
0.038	0.227	0.467	0.817	1.153	1.394	1.450	1.509	1.751	1.721
0.038	0.227	0.467	0.817	1.153	1.394	1.450	1.509	1.751	1.721
#Projection survey 3 weight-at-age values
#Age error transition (10 X 10)
0.9970	0.0030	0.0000	0.0000	0.0000	0.0000	0.0000	0.0000	0.0000	0.0000
0.0138	0.9724	0.0138	0.0000	0.0000	0.0000	0.0000	0.0000	0.0000	0.0000
0.0000	0.0329	0.9342	0.0329	0.0000	0.0000	0.0000	0.0000	0.0000	0.0000
0.0000	0.0000	0.0571	0.8858	0.0571	0.0000	0.0000	0.0000	0.0000	0.0000
0.0000	0.0000	0.0000	0.0832	0.8335	0.0832	0.0000	0.0000	0.0000	0.0000
0.0000	0.0000	0.0000	0.0001	0.1090	0.7817	0.1090	0.0001	0.0000	0.0000
0.0000	0.0000	0.0000	0.0000	0.0004	0.1333	0.73246	0.13333	0.00044	0.00000
0.0000	0.0000	0.0000	0.0000	0.0000	0.0012	0.15535	0.68681	0.15535	0.00124
0.0000	0.0000	0.0000	0.0000	0.0000	0.0000	0.00276	0.17473	0.64502	0.17749
0.0000	0.0000	0.0000	0.0000	0.0000	0.0000	0.00001	0.00519	0.19130	0.80350
#Length transition 1 (From Hollowed)
1.0000	0.0000	0.0000	0.0000	0.0000	0.0000	0.0000	0.0000
0.0000	0.89100	0.10900	0.00000	0.00000	0.00000	0.00000	0.00000
0.0000	0.02300	0.72200	0.25500	0.00000	0.00000	0.00000	0.00000
0.0000	0.00000	0.07692	0.72228	0.19980	0.00100	0.00000	0.00000
0.0000	0.00000	0.00300	0.25025	0.66366	0.08108	0.00200	0.00000
0.0000	0.00000	0.00000	0.04800	0.54700	0.35000	0.05300	0.00200
0.0000	0.00000	0.00000	0.00900	0.28000	0.48000	0.21000	0.02100
0.0000	0.00000	0.00000	0.00200	0.12600	0.41500	0.36900	0.08800
0.0000	0.00000	0.00000	0.00100	0.05800	0.30200	0.44300	0.19600
0.0000	0.00000	0.00000	0.00000	0.01100	0.10700	0.34500	0.53700
#Length transition 2 (From 2nd and 3rd trimester fishery data 1989-98)
1.0000	0.00000	0.00000	0.00000	0.00000	0.00000	0.00000
0.0000	0.79697	0.17047	0.03257	0.00000	0.00000	0.00000
0.0000	0.14390	0.67682	0.15865	0.02063	0.00000	0.00000
0.0000	0.01230	0.23920	0.42706	0.27136	0.04874	0.00134
0.0000	0.00000	0.06816	0.24529	0.44758	0.20363	0.03534
0.0000	0.00000	0.01921	0.13720	0.41037	0.32757	0.10564
0.0000	0.00000	0.00341	0.03514	0.28073	0.48306	0.19766
0.0000	0.00000	0.00000	0.00971	0.16305	0.51770	0.30954
0.0000	0.00000	0.00073	0.00404	0.15989	0.44014	0.39521
0.0000	0.00000	0.00000	0.00100	0.08494	0.38309	0.53096
#Length transition 3 (From Shelikof Strait survey 1992-98)
1.0000	0.00000	0.00000	0.00000	0.00000	0.00000	0.00000
0.0000	0.98382	0.01618	0.00000	0.00000	0.00000	0.00000
0.0000	0.13582	0.71190	0.14867	0.00361	0.00000	0.00000
0.0000	0.00053	0.32232	0.46362	0.20861	0.00492	0.00000
0.0000	0.00000	0.10396	0.33603	0.45891	0.09451	0.00659
0.0000	0.00000	0.00538	0.10485	0.55865	0.28488	0.04624
0.0000	0.00000	0.00000	0.01097	0.42281	0.44228	0.12395
0.0000	0.00000	0.00000	0.00212	0.29841	0.49866	0.20081
0.0000	0.00000	0.00000	0.00000	0.22048	0.50593	0.27359
0.0000	0.00000	0.00000	0.00000	0.12718	0.46008	0.41274
#Population weight at age (kg) (Use bottom trawl estimates)
#1	2	3	4	5	6	7	8	9	10
0.038	0.147	0.386	0.619	0.783	0.893	1.000	1.123	1.215	1.376
0.038	0.147	0.386	0.619	0.783	0.893	1.000	1.123	1.215	1.376
0.038	0.147	0.386	0.619	0.783	0.893	1.000	1.123	1.215	1.376
0.038	0.147	0.386	0.619	0.783	0.893	1.000	1.123	1.215	1.376
0.038	0.147	0.386	0.619	0.783	0.893	1.000	1.123	1.215	1.376
0.038	0.147	0.386	0.619	0.783	0.893	1.000	1.123	1.215	1.376
0.038	0.147	0.386	0.619	0.783	0.893	1.000	1.123	1.215	1.376
0.038	0.147	0.386	0.619	0.783	0.893	1.000	1.123	1.215	1.376
0.038	0.147	0.386	0.619	0.783	0.893	1.000	1.123	1.215	1.376
0.038	0.147	0.386	0.619	0.783	0.893	1.000	1.123	1.215	1.376
0.038	0.147	0.386	0.619	0.783	0.893	1.000	1.123	1.215	1.376
0.038	0.147	0.386	0.619	0.783	0.893	1.000	1.123	1.215	1.376
0.038	0.147	0.386	0.619	0.783	0.893	1.000	1.123	1.215	1.376
0.038	0.147	0.386	0.619	0.783	0.893	1.000	1.123	1.215	1.376
0.038	0.147	0.386	0.619	0.783	0.893	1.000	1.123	1.215	1.376
0.038	0.147	0.386	0.619	0.783	0.893	1.000	1.123	1.215	1.376
0.038	0.147	0.386	0.619	0.783	0.893	1.000	1.123	1.215	1.376
0.038	0.147	0.386	0.619	0.783	0.893	1.000	1.123	1.215	1.376
0.038	0.147	0.386	0.619	0.783	0.893	1.000	1.123	1.215	1.376
0.038	0.149	0.527	0.659	0.737	0.833	0.904	0.960	0.991	1.245
0.038	0.149	0.527	0.659	0.737	0.833	0.904	0.960	0.991	1.245
0.038	0.149	0.527	0.659	0.737	0.833	0.904	0.960	0.991	1.245
0.038	0.163	0.364	0.556	0.763	0.909	1.007	1.061	1.154	1.360
0.038	0.163	0.364	0.556	0.763	0.909	1.007	1.061	1.154	1.360
0.038	0.163	0.364	0.556	0.763	0.909	1.007	1.061	1.154	1.360
0.038	0.168	0.301	0.565	0.767	0.893	1.101	1.127	1.258	1.492
0.038	0.168	0.301	0.565	0.767	0.893	1.101	1.127	1.258	1.492
0.038	0.168	0.301	0.565	0.767	0.893	1.101	1.127	1.258	1.492
0.038	0.163	0.461	0.676	0.788	0.924	1.030	1.303	1.358	1.394
0.038	0.163	0.461	0.676	0.788	0.924	1.030	1.303	1.358	1.394
0.038	0.163	0.461	0.676	0.788	0.924	1.030	1.303	1.358	1.394
0.038	0.096	0.309	0.663	0.924	0.992	1.085	1.199	1.281	1.451
0.038	0.096	0.309	0.663	0.924	0.992	1.085	1.199	1.281	1.451
0.038	0.096	0.309	0.663	0.924	0.992	1.085	1.199	1.281	1.451
